Imagen grumpy720p.jpg
80 hilos
447
418
419
419
422
422
422
423
421
419
421
432
421
445
424
420
100 hilos
449
451
448
448
449
447
447
449
448
448
449
449
449
448
448
447
200 hilos
434
433
433
435
434
434
434
434
434
434
433
433
440
436
443
436
400 hilos
456
453
454
455
453
456
453
454
454
454
452
452
454
454
454
454
800 hilos
454
452
453
452
451
458
454
454
454
454
454
453
452
455
453
453
1000 hilos
453
453
453
453
454
454
454
453
454
455
454
453
455
455
453
453
Imagen grumpy1080p.jpg
80 hilos
829
829
830
831
829
831
830
830
830
829
830
830
831
832
831
833
100 hilos
841
843
839
840
841
840
841
841
840
840
840
840
843
842
840
841
200 hilos
808
807
808
808
807
807
807
808
809
809
808
808
807
810
806
807
400 hilos
802
805
804
804
803
805
804
804
803
802
803
803
804
805
804
806
800 hilos
1100
1100
1100
1099
1099
1098
1099
1101
1102
1100
1100
1099
1100
1101
1099
1099
1000 hilos
1117
1115
1115
1116
1115
1114
1116
1116
1114
1115
1118
1116
1116
1115
1115
1115
Imagen grumpy4k.jpg
80 hilos
3439
3432
3435
3434
3335
3431
3374
3331
3440
3372
3435
3379
3355
3437
3436
3435
100 hilos
3484
3450
3437
3479
3450
3430
3443
3456
3486
3452
3438
3482
3455
3465
3458
3488
200 hilos
3247
3276
3241
3210
3231
3211
3243
3231
3246
3241
3210
3273
3246
3235
3236
3233
400 hilos
3235
3235
3233
3234
3235
3234
3237
3234
3238
3247
3238
3235
3236
3234
3237
3239
800 hilos
3814
3812
3823
3818
3816
3816
3814
3816
3816
3817
3813
3823
3815
3814
3815
3815
1000 hilos
3741
3739
3739
3741
3743
3745
3742
3743
3741
3743
3741
3743
3744
3744
3745
3742
