Imagen grumpy720p.jpg
1 hilos
12608
14897
15373
14196
14217
14370
16434
14788
15886
16452
16534
16536
14286
16463
16518
16478
2 hilos
8914
8510
8396
8897
8335
8347
8570
8368
8355
8592
9170
11347
8394
8352
8399
8360
4 hilos
7910
8395
11397
8698
8617
8553
8466
10609
9004
8580
8728
8581
8611
7886
10158
8987
8 hilos
8843
8326
10442
8556
8596
9197
8647
8750
10427
9695
9839
8643
9504
9274
9333
9257
16 hilos
9154
8847
9096
11402
10699
10099
9247
9423
9531
8679
8614
9195
9950
9186
9339
9230
Imagen grumpy1080p.jpg
1 hilos
37214
37160
37188
37153
37183
37210
37183
37125
37095
32769
37293
37240
34985
37178
37173
37168
2 hilos
19820
18775
18742
20513
24505
19006
20885
21118
24310
22368
19671
19633
22383
22453
19524
21437
4 hilos
19596
19634
19468
19584
19563
19460
20556
28456
19719
19957
19818
19506
23884
22028
20079
19550
8 hilos
22599
19695
18587
20647
19910
19881
19994
19636
20136
19492
19217
20037
20194
18916
19918
19817
16 hilos
21326
20216
22502
20086
19751
23533
19715
19207
19636
19424
19324
22523
19178
19636
19268
22371
Imagen grumpy4k.jpg
1 hilos
166066
156344
165632
156625
165795
154259
145014
156144
140824
139318
145981
141543
150732
154345
142810
161000
2 hilos
84462
91227
86660
87248
89895
88754
86945
87089
90923
92794
94251
93154
91634
95075
93571
96744
4 hilos
85894
85919
86512
86209
85193
85736
85131
89253
86494
87806
86778
86691
83626
85142
84946
34212173
8 hilos
66239
53342
61370
63434
64085
69241
67978
71218
74319
74370
76236
78130
76540
77703
78631
76163
16 hilos
78169
78662
78494
79193
78613
78485
78233
79773
79697
78618
78127
80461
78247
78125
79094
78889
